%YAML:1.0
---
lower_color:
   - 64
   - 64
   - 129
   - 30
upper_color:
   - 131
   - 131
   - 255
   - 235
