%YAML:1.0
---
lower_color:
   - 66
   - 66
   - 131
   - 0
upper_color:
   - 91
   - 91
   - 255
   - 245
