%YAML:1.0
---
lower_color:
   - 0
   - 0
   - 45
   - 0
upper_color:
   - 12
   - 12
   - 255
   - 245
